Class           | HP |  Mana | AD | AP | Def | MR |	 MS |  Reg  |  MReg  |  CD | Crit | Gouge | Pen  | STA |  LS  | Ten |  AS  | Enc |
Base            | 25 |  20   | 3  | 3  | 3	 | 3  |	 1  |  35	|   30	 |  0  |  0   |  0	  |  0	 |  0  |   0  |	 0  | 0.0  |  0  |
Tank            | 30 |  20   | 3  | 3  | 4	 | 4  |	 1  |  35	|   30	 |  0  |  0   |  0	  |  0	 |  0  |   0  |	 0  | 0.0  |  0  |
Fighter         | 25 |  20   | 5  | 3  | 4	 | 3  |  1  |  45	|   30	 |  0  |  0   |  0	  |  0	 |  0  |   0  |	 0  | 0.0  |  0  |
Mage            | 25 |  25   | 3  | 5  | 3	 | 4  |  1  |  35	|   30	 |  0  |  0   |  0	  |  0	 |  0  |   0  |	 0  | 0.0  |  0  |
Assassin        | 25 |  20   | 4  | 4  | 3	 | 3  |  1  |  35	|   30	 |  0  |  0   |  2	  |  2	 |  0  |   0  |	 0  | 0.0  |  0  |
Ranger          | 25 |  20   | 4  | 3  | 3	 | 3  |  1  |  35	|   30	 |  0  |  1   |  0	  |  0	 |  0  |   0  |	 0  | 0.1  |  0  |
Enchanter       | 25 |  20   | 3  | 4  | 3	 | 3  |  1  |  35	|   45	 |  0  |  0   |  0	  |  0	 |  0  |   0  |	 0  | 0.0  | 1.5 |
Warden          | 27 |  20   | 3  | 3  | 3	 | 3  |  1  |  55	|   30	 |  1  |  0   |  0	  |  0	 |  0  |   0  |	 0  | 0.0  |  0  |
Adventurer      | 25 |  20   | 3  | 3  | 3	 | 3  |  2  |  55	|   30	 |  0  |  0   |  0	  |  0	 |  2  |   0  |	 0  | 0.0  |  0  |
Bard            | 25 |  28   | 3  | 3  | 3	 | 3  |  1  |  35	|   30	 |  1  |  0   |  0	  |  0	 |  2  |   0  |	 0  | 0.0  |  0  |
Hunter          | 25 |  20   | 4  | 3  | 3	 | 3  |  2  |  35	|   30	 |  0  |  0   |  0	  |  0	 |  2  |   0  |	 0  | 0.0  |  0  |
